64,64
4096,2,3,4093,4092,6,7,4089,4088,10,11,4085,4084,14,15,4081,4080,18,19,4077,4076,22,23,4073,4072,26,27,4069,4068,30,31,4065,4064,34,35,4061,4060,38,39,4057,4056,42,43,4053,4052,46,47,4049,4048,50,51,4045,4044,54,55,4041,4040,58,59,4037,4036,62,63,4033
65,4031,4030,68,69,4027,4026,72,73,4023,4022,76,77,4019,4018,80,81,4015,4014,84,85,4011,4010,88,89,4007,4006,92,93,4003,4002,96,97,3999,3998,100,101,3995,3994,104,105,3991,3990,108,109,3987,3986,112,113,3983,3982,116,117,3979,3978,120,121,3975,3974,124,125,3971,3970,128
129,3967,3966,132,133,3963,3962,136,137,3959,3958,140,141,3955,3954,144,145,3951,3950,148,149,3947,3946,152,153,3943,3942,156,157,3939,3938,160,161,3935,3934,164,165,3931,3930,168,169,3927,3926,172,173,3923,3922,176,177,3919,3918,180,181,3915,3914,184,185,3911,3910,188,189,3907,3906,192
3904,194,195,3901,3900,198,199,3897,3896,202,203,3893,3892,206,207,3889,3888,210,211,3885,3884,214,215,3881,3880,218,219,3877,3876,222,223,3873,3872,226,227,3869,3868,230,231,3865,3864,234,235,3861,3860,238,239,3857,3856,242,243,3853,3852,246,247,3849,3848,250,251,3845,3844,254,255,3841
3840,258,259,3837,3836,262,263,3833,3832,266,267,3829,3828,270,271,3825,3824,274,275,3821,3820,278,279,3817,3816,282,283,3813,3812,286,287,3809,3808,290,291,3805,3804,294,295,3801,3800,298,299,3797,3796,302,303,3793,3792,306,307,3789,3788,310,311,3785,3784,314,315,3781,3780,318,319,3777
321,3775,3774,324,325,3771,3770,328,329,3767,3766,332,333,3763,3762,336,337,3759,3758,340,341,3755,3754,344,345,3751,3750,348,349,3747,3746,352,353,3743,3742,356,357,3739,3738,360,361,3735,3734,364,365,3731,3730,368,369,3727,3726,372,373,3723,3722,376,377,3719,3718,380,381,3715,3714,384
385,3711,3710,388,389,3707,3706,392,393,3703,3702,396,397,3699,3698,400,401,3695,3694,404,405,3691,3690,408,409,3687,3686,412,413,3683,3682,416,417,3679,3678,420,421,3675,3674,424,425,3671,3670,428,429,3667,3666,432,433,3663,3662,436,437,3659,3658,440,441,3655,3654,444,445,3651,3650,448
3648,450,451,3645,3644,454,455,3641,3640,458,459,3637,3636,462,463,3633,3632,466,467,3629,3628,470,471,3625,3624,474,475,3621,3620,478,479,3617,3616,482,483,3613,3612,486,487,3609,3608,490,491,3605,3604,494,495,3601,3600,498,499,3597,3596,502,503,3593,3592,506,507,3589,3588,510,511,3585
3584,514,515,3581,3580,518,519,3577,3576,522,523,3573,3572,526,527,3569,3568,530,531,3565,3564,534,535,3561,3560,538,539,3557,3556,542,543,3553,3552,546,547,3549,3548,550,551,3545,3544,554,555,3541,3540,558,559,3537,3536,562,563,3533,3532,566,567,3529,3528,570,571,3525,3524,574,575,3521
577,3519,3518,580,581,3515,3514,584,585,3511,3510,588,589,3507,3506,592,593,3503,3502,596,597,3499,3498,600,601,3495,3494,604,605,3491,3490,608,609,3487,3486,612,613,3483,3482,616,617,3479,3478,620,621,3475,3474,624,625,3471,3470,628,629,3467,3466,632,633,3463,3462,636,637,3459,3458,640
641,3455,3454,644,645,3451,3450,648,649,3447,3446,652,653,3443,3442,656,657,3439,3438,660,661,3435,3434,664,665,3431,3430,668,669,3427,3426,672,673,3423,3422,676,677,3419,3418,680,681,3415,3414,684,685,3411,3410,688,689,3407,3406,692,693,3403,3402,696,697,3399,3398,700,701,3395,3394,704
3392,706,707,3389,3388,710,711,3385,3384,714,715,3381,3380,718,719,3377,3376,722,723,3373,3372,726,727,3369,3368,730,731,3365,3364,734,735,3361,3360,738,739,3357,3356,742,743,3353,3352,746,747,3349,3348,750,751,3345,3344,754,755,3341,3340,758,759,3337,3336,762,763,3333,3332,766,767,3329
3328,770,771,3325,3324,774,775,3321,3320,778,779,3317,3316,782,783,3313,3312,786,787,3309,3308,790,791,3305,3304,794,795,3301,3300,798,799,3297,3296,802,803,3293,3292,806,807,3289,3288,810,811,3285,3284,814,815,3281,3280,818,819,3277,3276,822,823,3273,3272,826,827,3269,3268,830,831,3265
833,3263,3262,836,837,3259,3258,840,841,3255,3254,844,845,3251,3250,848,849,3247,3246,852,853,3243,3242,856,857,3239,3238,860,861,3235,3234,864,865,3231,3230,868,869,3227,3226,872,873,3223,3222,876,877,3219,3218,880,881,3215,3214,884,885,3211,3210,888,889,3207,3206,892,893,3203,3202,896
897,3199,3198,900,901,3195,3194,904,905,3191,3190,908,909,3187,3186,912,913,3183,3182,916,917,3179,3178,920,921,3175,3174,924,925,3171,3170,928,929,3167,3166,932,933,3163,3162,936,937,3159,3158,940,941,3155,3154,944,945,3151,3150,948,949,3147,3146,952,953,3143,3142,956,957,3139,3138,960
3136,962,963,3133,3132,966,967,3129,3128,970,971,3125,3124,974,975,3121,3120,978,979,3117,3116,982,983,3113,3112,986,987,3109,3108,990,991,3105,3104,994,995,3101,3100,998,999,3097,3096,1002,1003,3093,3092,1006,1007,3089,3088,1010,1011,3085,3084,1014,1015,3081,3080,1018,1019,3077,3076,1022,1023,3073
3072,1026,1027,3069,3068,1030,1031,3065,3064,1034,1035,3061,3060,1038,1039,3057,3056,1042,1043,3053,3052,1046,1047,3049,3048,1050,1051,3045,3044,1054,1055,3041,3040,1058,1059,3037,3036,1062,1063,3033,3032,1066,1067,3029,3028,1070,1071,3025,3024,1074,1075,3021,3020,1078,1079,3017,3016,1082,1083,3013,3012,1086,1087,3009
1089,3007,3006,1092,1093,3003,3002,1096,1097,2999,2998,1100,1101,2995,2994,1104,1105,2991,2990,1108,1109,2987,2986,1112,1113,2983,2982,1116,1117,2979,2978,1120,1121,2975,2974,1124,1125,2971,2970,1128,1129,2967,2966,1132,1133,2963,2962,1136,1137,2959,2958,1140,1141,2955,2954,1144,1145,2951,2950,1148,1149,2947,2946,1152
1153,2943,2942,1156,1157,2939,2938,1160,1161,2935,2934,1164,1165,2931,2930,1168,1169,2927,2926,1172,1173,2923,2922,1176,1177,2919,2918,1180,1181,2915,2914,1184,1185,2911,2910,1188,1189,2907,2906,1192,1193,2903,2902,1196,1197,2899,2898,1200,1201,2895,2894,1204,1205,2891,2890,1208,1209,2887,2886,1212,1213,2883,2882,1216
2880,1218,1219,2877,2876,1222,1223,2873,2872,1226,1227,2869,2868,1230,1231,2865,2864,1234,1235,2861,2860,1238,1239,2857,2856,1242,1243,2853,2852,1246,1247,2849,2848,1250,1251,2845,2844,1254,1255,2841,2840,1258,1259,2837,2836,1262,1263,2833,2832,1266,1267,2829,2828,1270,1271,2825,2824,1274,1275,2821,2820,1278,1279,2817
2816,1282,1283,2813,2812,1286,1287,2809,2808,1290,1291,2805,2804,1294,1295,2801,2800,1298,1299,2797,2796,1302,1303,2793,2792,1306,1307,2789,2788,1310,1311,2785,2784,1314,1315,2781,2780,1318,1319,2777,2776,1322,1323,2773,2772,1326,1327,2769,2768,1330,1331,2765,2764,1334,1335,2761,2760,1338,1339,2757,2756,1342,1343,2753
1345,2751,2750,1348,1349,2747,2746,1352,1353,2743,2742,1356,1357,2739,2738,1360,1361,2735,2734,1364,1365,2731,2730,1368,1369,2727,2726,1372,1373,2723,2722,1376,1377,2719,2718,1380,1381,2715,2714,1384,1385,2711,2710,1388,1389,2707,2706,1392,1393,2703,2702,1396,1397,2699,2698,1400,1401,2695,2694,1404,1405,2691,2690,1408
1409,2687,2686,1412,1413,2683,2682,1416,1417,2679,2678,1420,1421,2675,2674,1424,1425,2671,2670,1428,1429,2667,2666,1432,1433,2663,2662,1436,1437,2659,2658,1440,1441,2655,2654,1444,1445,2651,2650,1448,1449,2647,2646,1452,1453,2643,2642,1456,1457,2639,2638,1460,1461,2635,2634,1464,1465,2631,2630,1468,1469,2627,2626,1472
2624,1474,1475,2621,2620,1478,1479,2617,2616,1482,1483,2613,2612,1486,1487,2609,2608,1490,1491,2605,2604,1494,1495,2601,2600,1498,1499,2597,2596,1502,1503,2593,2592,1506,1507,2589,2588,1510,1511,2585,2584,1514,1515,2581,2580,1518,1519,2577,2576,1522,1523,2573,2572,1526,1527,2569,2568,1530,1531,2565,2564,1534,1535,2561
2560,1538,1539,2557,2556,1542,1543,2553,2552,1546,1547,2549,2548,1550,1551,2545,2544,1554,1555,2541,2540,1558,1559,2537,2536,1562,1563,2533,2532,1566,1567,2529,2528,1570,1571,2525,2524,1574,1575,2521,2520,1578,1579,2517,2516,1582,1583,2513,2512,1586,1587,2509,2508,1590,1591,2505,2504,1594,1595,2501,2500,1598,1599,2497
1601,2495,2494,1604,1605,2491,2490,1608,1609,2487,2486,1612,1613,2483,2482,1616,1617,2479,2478,1620,1621,2475,2474,1624,1625,2471,2470,1628,1629,2467,2466,1632,1633,2463,2462,1636,1637,2459,2458,1640,1641,2455,2454,1644,1645,2451,2450,1648,1649,2447,2446,1652,1653,2443,2442,1656,1657,2439,2438,1660,1661,2435,2434,1664
1665,2431,2430,1668,1669,2427,2426,1672,1673,2423,2422,1676,1677,2419,2418,1680,1681,2415,2414,1684,1685,2411,2410,1688,1689,2407,2406,1692,1693,2403,2402,1696,1697,2399,2398,1700,1701,2395,2394,1704,1705,2391,2390,1708,1709,2387,2386,1712,1713,2383,2382,1716,1717,2379,2378,1720,1721,2375,2374,1724,1725,2371,2370,1728
2368,1730,1731,2365,2364,1734,1735,2361,2360,1738,1739,2357,2356,1742,1743,2353,2352,1746,1747,2349,2348,1750,1751,2345,2344,1754,1755,2341,2340,1758,1759,2337,2336,1762,1763,2333,2332,1766,1767,2329,2328,1770,1771,2325,2324,1774,1775,2321,2320,1778,1779,2317,2316,1782,1783,2313,2312,1786,1787,2309,2308,1790,1791,2305
2304,1794,1795,2301,2300,1798,1799,2297,2296,1802,1803,2293,2292,1806,1807,2289,2288,1810,1811,2285,2284,1814,1815,2281,2280,1818,1819,2277,2276,1822,1823,2273,2272,1826,1827,2269,2268,1830,1831,2265,2264,1834,1835,2261,2260,1838,1839,2257,2256,1842,1843,2253,2252,1846,1847,2249,2248,1850,1851,2245,2244,1854,1855,2241
1857,2239,2238,1860,1861,2235,2234,1864,1865,2231,2230,1868,1869,2227,2226,1872,1873,2223,2222,1876,1877,2219,2218,1880,1881,2215,2214,1884,1885,2211,2210,1888,1889,2207,2206,1892,1893,2203,2202,1896,1897,2199,2198,1900,1901,2195,2194,1904,1905,2191,2190,1908,1909,2187,2186,1912,1913,2183,2182,1916,1917,2179,2178,1920
1921,2175,2174,1924,1925,2171,2170,1928,1929,2167,2166,1932,1933,2163,2162,1936,1937,2159,2158,1940,1941,2155,2154,1944,1945,2151,2150,1948,1949,2147,2146,1952,1953,2143,2142,1956,1957,2139,2138,1960,1961,2135,2134,1964,1965,2131,2130,1968,1969,2127,2126,1972,1973,2123,2122,1976,1977,2119,2118,1980,1981,2115,2114,1984
2112,1986,1987,2109,2108,1990,1991,2105,2104,1994,1995,2101,2100,1998,1999,2097,2096,2002,2003,2093,2092,2006,2007,2089,2088,2010,2011,2085,2084,2014,2015,2081,2080,2018,2019,2077,2076,2022,2023,2073,2072,2026,2027,2069,2068,2030,2031,2065,2064,2034,2035,2061,2060,2038,2039,2057,2056,2042,2043,2053,2052,2046,2047,2049
2048,2050,2051,2045,2044,2054,2055,2041,2040,2058,2059,2037,2036,2062,2063,2033,2032,2066,2067,2029,2028,2070,2071,2025,2024,2074,2075,2021,2020,2078,2079,2017,2016,2082,2083,2013,2012,2086,2087,2009,2008,2090,2091,2005,2004,2094,2095,2001,2000,2098,2099,1997,1996,2102,2103,1993,1992,2106,2107,1989,1988,2110,2111,1985
2113,1983,1982,2116,2117,1979,1978,2120,2121,1975,1974,2124,2125,1971,1970,2128,2129,1967,1966,2132,2133,1963,1962,2136,2137,1959,1958,2140,2141,1955,1954,2144,2145,1951,1950,2148,2149,1947,1946,2152,2153,1943,1942,2156,2157,1939,1938,2160,2161,1935,1934,2164,2165,1931,1930,2168,2169,1927,1926,2172,2173,1923,1922,2176
2177,1919,1918,2180,2181,1915,1914,2184,2185,1911,1910,2188,2189,1907,1906,2192,2193,1903,1902,2196,2197,1899,1898,2200,2201,1895,1894,2204,2205,1891,1890,2208,2209,1887,1886,2212,2213,1883,1882,2216,2217,1879,1878,2220,2221,1875,1874,2224,2225,1871,1870,2228,2229,1867,1866,2232,2233,1863,1862,2236,2237,1859,1858,2240
1856,2242,2243,1853,1852,2246,2247,1849,1848,2250,2251,1845,1844,2254,2255,1841,1840,2258,2259,1837,1836,2262,2263,1833,1832,2266,2267,1829,1828,2270,2271,1825,1824,2274,2275,1821,1820,2278,2279,1817,1816,2282,2283,1813,1812,2286,2287,1809,1808,2290,2291,1805,1804,2294,2295,1801,1800,2298,2299,1797,1796,2302,2303,1793
1792,2306,2307,1789,1788,2310,2311,1785,1784,2314,2315,1781,1780,2318,2319,1777,1776,2322,2323,1773,1772,2326,2327,1769,1768,2330,2331,1765,1764,2334,2335,1761,1760,2338,2339,1757,1756,2342,2343,1753,1752,2346,2347,1749,1748,2350,2351,1745,1744,2354,2355,1741,1740,2358,2359,1737,1736,2362,2363,1733,1732,2366,2367,1729
2369,1727,1726,2372,2373,1723,1722,2376,2377,1719,1718,2380,2381,1715,1714,2384,2385,1711,1710,2388,2389,1707,1706,2392,2393,1703,1702,2396,2397,1699,1698,2400,2401,1695,1694,2404,2405,1691,1690,2408,2409,1687,1686,2412,2413,1683,1682,2416,2417,1679,1678,2420,2421,1675,1674,2424,2425,1671,1670,2428,2429,1667,1666,2432
2433,1663,1662,2436,2437,1659,1658,2440,2441,1655,1654,2444,2445,1651,1650,2448,2449,1647,1646,2452,2453,1643,1642,2456,2457,1639,1638,2460,2461,1635,1634,2464,2465,1631,1630,2468,2469,1627,1626,2472,2473,1623,1622,2476,2477,1619,1618,2480,2481,1615,1614,2484,2485,1611,1610,2488,2489,1607,1606,2492,2493,1603,1602,2496
1600,2498,2499,1597,1596,2502,2503,1593,1592,2506,2507,1589,1588,2510,2511,1585,1584,2514,2515,1581,1580,2518,2519,1577,1576,2522,2523,1573,1572,2526,2527,1569,1568,2530,2531,1565,1564,2534,2535,1561,1560,2538,2539,1557,1556,2542,2543,1553,1552,2546,2547,1549,1548,2550,2551,1545,1544,2554,2555,1541,1540,2558,2559,1537
1536,2562,2563,1533,1532,2566,2567,1529,1528,2570,2571,1525,1524,2574,2575,1521,1520,2578,2579,1517,1516,2582,2583,1513,1512,2586,2587,1509,1508,2590,2591,1505,1504,2594,2595,1501,1500,2598,2599,1497,1496,2602,2603,1493,1492,2606,2607,1489,1488,2610,2611,1485,1484,2614,2615,1481,1480,2618,2619,1477,1476,2622,2623,1473
2625,1471,1470,2628,2629,1467,1466,2632,2633,1463,1462,2636,2637,1459,1458,2640,2641,1455,1454,2644,2645,1451,1450,2648,2649,1447,1446,2652,2653,1443,1442,2656,2657,1439,1438,2660,2661,1435,1434,2664,2665,1431,1430,2668,2669,1427,1426,2672,2673,1423,1422,2676,2677,1419,1418,2680,2681,1415,1414,2684,2685,1411,1410,2688
2689,1407,1406,2692,2693,1403,1402,2696,2697,1399,1398,2700,2701,1395,1394,2704,2705,1391,1390,2708,2709,1387,1386,2712,2713,1383,1382,2716,2717,1379,1378,2720,2721,1375,1374,2724,2725,1371,1370,2728,2729,1367,1366,2732,2733,1363,1362,2736,2737,1359,1358,2740,2741,1355,1354,2744,2745,1351,1350,2748,2749,1347,1346,2752
1344,2754,2755,1341,1340,2758,2759,1337,1336,2762,2763,1333,1332,2766,2767,1329,1328,2770,2771,1325,1324,2774,2775,1321,1320,2778,2779,1317,1316,2782,2783,1313,1312,2786,2787,1309,1308,2790,2791,1305,1304,2794,2795,1301,1300,2798,2799,1297,1296,2802,2803,1293,1292,2806,2807,1289,1288,2810,2811,1285,1284,2814,2815,1281
1280,2818,2819,1277,1276,2822,2823,1273,1272,2826,2827,1269,1268,2830,2831,1265,1264,2834,2835,1261,1260,2838,2839,1257,1256,2842,2843,1253,1252,2846,2847,1249,1248,2850,2851,1245,1244,2854,2855,1241,1240,2858,2859,1237,1236,2862,2863,1233,1232,2866,2867,1229,1228,2870,2871,1225,1224,2874,2875,1221,1220,2878,2879,1217
2881,1215,1214,2884,2885,1211,1210,2888,2889,1207,1206,2892,2893,1203,1202,2896,2897,1199,1198,2900,2901,1195,1194,2904,2905,1191,1190,2908,2909,1187,1186,2912,2913,1183,1182,2916,2917,1179,1178,2920,2921,1175,1174,2924,2925,1171,1170,2928,2929,1167,1166,2932,2933,1163,1162,2936,2937,1159,1158,2940,2941,1155,1154,2944
2945,1151,1150,2948,2949,1147,1146,2952,2953,1143,1142,2956,2957,1139,1138,2960,2961,1135,1134,2964,2965,1131,1130,2968,2969,1127,1126,2972,2973,1123,1122,2976,2977,1119,1118,2980,2981,1115,1114,2984,2985,1111,1110,2988,2989,1107,1106,2992,2993,1103,1102,2996,2997,1099,1098,3000,3001,1095,1094,3004,3005,1091,1090,3008
1088,3010,3011,1085,1084,3014,3015,1081,1080,3018,3019,1077,1076,3022,3023,1073,1072,3026,3027,1069,1068,3030,3031,1065,1064,3034,3035,1061,1060,3038,3039,1057,1056,3042,3043,1053,1052,3046,3047,1049,1048,3050,3051,1045,1044,3054,3055,1041,1040,3058,3059,1037,1036,3062,3063,1033,1032,3066,3067,1029,1028,3070,3071,1025
1024,3074,3075,1021,1020,3078,3079,1017,1016,3082,3083,1013,1012,3086,3087,1009,1008,3090,3091,1005,1004,3094,3095,1001,1000,3098,3099,997,996,3102,3103,993,992,3106,3107,989,988,3110,3111,985,984,3114,3115,981,980,3118,3119,977,976,3122,3123,973,972,3126,3127,969,968,3130,3131,965,964,3134,3135,961
3137,959,958,3140,3141,955,954,3144,3145,951,950,3148,3149,947,946,3152,3153,943,942,3156,3157,939,938,3160,3161,935,934,3164,3165,931,930,3168,3169,927,926,3172,3173,923,922,3176,3177,919,918,3180,3181,915,914,3184,3185,911,910,3188,3189,907,906,3192,3193,903,902,3196,3197,899,898,3200
3201,895,894,3204,3205,891,890,3208,3209,887,886,3212,3213,883,882,3216,3217,879,878,3220,3221,875,874,3224,3225,871,870,3228,3229,867,866,3232,3233,863,862,3236,3237,859,858,3240,3241,855,854,3244,3245,851,850,3248,3249,847,846,3252,3253,843,842,3256,3257,839,838,3260,3261,835,834,3264
832,3266,3267,829,828,3270,3271,825,824,3274,3275,821,820,3278,3279,817,816,3282,3283,813,812,3286,3287,809,808,3290,3291,805,804,3294,3295,801,800,3298,3299,797,796,3302,3303,793,792,3306,3307,789,788,3310,3311,785,784,3314,3315,781,780,3318,3319,777,776,3322,3323,773,772,3326,3327,769
768,3330,3331,765,764,3334,3335,761,760,3338,3339,757,756,3342,3343,753,752,3346,3347,749,748,3350,3351,745,744,3354,3355,741,740,3358,3359,737,736,3362,3363,733,732,3366,3367,729,728,3370,3371,725,724,3374,3375,721,720,3378,3379,717,716,3382,3383,713,712,3386,3387,709,708,3390,3391,705
3393,703,702,3396,3397,699,698,3400,3401,695,694,3404,3405,691,690,3408,3409,687,686,3412,3413,683,682,3416,3417,679,678,3420,3421,675,674,3424,3425,671,670,3428,3429,667,666,3432,3433,663,662,3436,3437,659,658,3440,3441,655,654,3444,3445,651,650,3448,3449,647,646,3452,3453,643,642,3456
3457,639,638,3460,3461,635,634,3464,3465,631,630,3468,3469,627,626,3472,3473,623,622,3476,3477,619,618,3480,3481,615,614,3484,3485,611,610,3488,3489,607,606,3492,3493,603,602,3496,3497,599,598,3500,3501,595,594,3504,3505,591,590,3508,3509,587,586,3512,3513,583,582,3516,3517,579,578,3520
576,3522,3523,573,572,3526,3527,569,568,3530,3531,565,564,3534,3535,561,560,3538,3539,557,556,3542,3543,553,552,3546,3547,549,548,3550,3551,545,544,3554,3555,541,540,3558,3559,537,536,3562,3563,533,532,3566,3567,529,528,3570,3571,525,524,3574,3575,521,520,3578,3579,517,516,3582,3583,513
512,3586,3587,509,508,3590,3591,505,504,3594,3595,501,500,3598,3599,497,496,3602,3603,493,492,3606,3607,489,488,3610,3611,485,484,3614,3615,481,480,3618,3619,477,476,3622,3623,473,472,3626,3627,469,468,3630,3631,465,464,3634,3635,461,460,3638,3639,457,456,3642,3643,453,452,3646,3647,449
3649,447,446,3652,3653,443,442,3656,3657,439,438,3660,3661,435,434,3664,3665,431,430,3668,3669,427,426,3672,3673,423,422,3676,3677,419,418,3680,3681,415,414,3684,3685,411,410,3688,3689,407,406,3692,3693,403,402,3696,3697,399,398,3700,3701,395,394,3704,3705,391,390,3708,3709,387,386,3712
3713,383,382,3716,3717,379,378,3720,3721,375,374,3724,3725,371,370,3728,3729,367,366,3732,3733,363,362,3736,3737,359,358,3740,3741,355,354,3744,3745,351,350,3748,3749,347,346,3752,3753,343,342,3756,3757,339,338,3760,3761,335,334,3764,3765,331,330,3768,3769,327,326,3772,3773,323,322,3776
320,3778,3779,317,316,3782,3783,313,312,3786,3787,309,308,3790,3791,305,304,3794,3795,301,300,3798,3799,297,296,3802,3803,293,292,3806,3807,289,288,3810,3811,285,284,3814,3815,281,280,3818,3819,277,276,3822,3823,273,272,3826,3827,269,268,3830,3831,265,264,3834,3835,261,260,3838,3839,257
256,3842,3843,253,252,3846,3847,249,248,3850,3851,245,244,3854,3855,241,240,3858,3859,237,236,3862,3863,233,232,3866,3867,229,228,3870,3871,225,224,3874,3875,221,220,3878,3879,217,216,3882,3883,213,212,3886,3887,209,208,3890,3891,205,204,3894,3895,201,200,3898,3899,197,196,3902,3903,193
3905,191,190,3908,3909,187,186,3912,3913,183,182,3916,3917,179,178,3920,3921,175,174,3924,3925,171,170,3928,3929,167,166,3932,3933,163,162,3936,3937,159,158,3940,3941,155,154,3944,3945,151,150,3948,3949,147,146,3952,3953,143,142,3956,3957,139,138,3960,3961,135,134,3964,3965,131,130,3968
3969,127,126,3972,3973,123,122,3976,3977,119,118,3980,3981,115,114,3984,3985,111,110,3988,3989,107,106,3992,3993,103,102,3996,3997,99,98,4000,4001,95,94,4004,4005,91,90,4008,4009,87,86,4012,4013,83,82,4016,4017,79,78,4020,4021,75,74,4024,4025,71,70,4028,4029,67,66,4032
64,4034,4035,61,60,4038,4039,57,56,4042,4043,53,52,4046,4047,49,48,4050,4051,45,44,4054,4055,41,40,4058,4059,37,36,4062,4063,33,32,4066,4067,29,28,4070,4071,25,24,4074,4075,21,20,4078,4079,17,16,4082,4083,13,12,4086,4087,9,8,4090,4091,5,4,4094,4095,1
609
22
371
42
190
7
843
974
398
674
718
901
315
735
221
391
176
848
443
811
362
984
353
67
514
832
714
220
967
825
276
545
607
224
602
841
458
553
682
304
936
869
608
71
625
122
446
709
167
832
801
626
921
898
869
54
961
492
286
436
758
115
551
941
